-10.0,0.5440211108893698
-9.99,0.5356033346142913
-9.98,0.527131998452086
-9.97,0.5186079495293108
-9.96,0.5100320402437544
-9.950000000000001,0.5014051281791989
-9.940000000000001,0.49272807601966173
-9.930000000000001,0.48400175146312796
-9.920000000000002,0.4752270271347814
-9.910000000000002,0.46640478049974243
-9.900000000000002,0.45753589377532294
-9.890000000000002,0.44862125384280455
-9.880000000000003,0.43966175215875164
-9.870000000000003,0.4306582846658665
-9.860000000000003,0.4216117517033954
-9.850000000000003,0.4125230579170959
-9.840000000000003,0.4033931121687728
-9.830000000000004,0.39422282744539267
-9.820000000000004,0.38501312076778593
-9.810000000000004,0.37576491309894555
-9.800000000000004,0.3664791292519317
-9.790000000000004,0.3571566977973909
-9.780000000000005,0.3477985509707
-9.770000000000005,0.3384056245787431
-9.760000000000005,0.32897885790633213
-9.750000000000005,0.3195191936222787
-9.740000000000006,0.3100275776851281
-9.730000000000006,0.30050495924856446
-9.720000000000006,0.2909522905664959
-9.710000000000006,0.28137052689783015
-9.700000000000006,0.2717606264109493
-9.690000000000007,0.26212355008789373
-9.680000000000007,0.25246026162826496
-9.670000000000007,0.24277172735285624
-9.660000000000007,0.2330589161070213
-9.650000000000007,0.2233227991637908
-9.640000000000008,0.21356435012674563
-9.630000000000008,0.20378454483265748
-9.620000000000008,0.19398436125390595
-9.610000000000008,0.18416477940068213
-9.600000000000009,0.1743267812229884
-9.590000000000009,0.16447135051244416
-9.580000000000009,0.1545994728039077
-9.57000000000001,0.14471213527692334
-9.56000000000001,0.1348103266570043
-9.55000000000001,0.12489503711676113
-9.54000000000001,0.11496725817688513
-9.53000000000001,0.1050279826069972
-9.52000000000001,0.09507820432637157
-9.51000000000001,0.08511891830454488
-9.50000000000001,0.07515112046181993
-9.49000000000001,0.06517580756967453
-9.480000000000011,0.055193977151085157
-9.470000000000011,0.0452066273807755
-9.460000000000012,0.03521475698539983
-9.450000000000012,0.025219365143671152
-9.440000000000012,0.015221451386444176
-9.430000000000012,0.005222015496763054
-9.420000000000012,-0.004777942590116077
-9.410000000000013,-0.014777422886717803
-9.400000000000013,-0.024775425453345334
-9.390000000000013,-0.034770950498073654
-9.380000000000013,-0.04476299847672786
-9.370000000000013,-0.054750570192836766
-9.360000000000014,-0.06473266689755171
-9.350000000000014,-0.0747082903895206
-9.340000000000014,-0.08467644311470726
-9.330000000000014,-0.09463612826614591
-9.320000000000014,-0.10458634988362112
-9.310000000000015,-0.11452611295326297
-9.300000000000015,-0.1244544235070476
-9.290000000000015,-0.1343702887221932
-9.280000000000015,-0.14427271702044145
-9.270000000000016,-0.15416071816721452
-9.260000000000016,-0.1640333033706377
-9.250000000000016,-0.1738894853804178
-9.240000000000016,-0.18372827858656726
-9.230000000000016,-0.19354869911796446
-9.220000000000017,-0.20334976494073992
-9.210000000000017,-0.21313049595647887
-9.200000000000017,-0.22288991410023035
-9.190000000000017,-0.23262704343831275
-9.180000000000017,-0.24234091026590654
-9.170000000000018,-0.25203054320442386
-9.160000000000018,-0.26169497329864544
-9.150000000000018,-0.27133323411361565
-9.140000000000018,-0.2809443618312847
-9.130000000000019,-0.2905273953468902
-9.120000000000019,-0.3000813763650663
-9.110000000000019,-0.3096053494956729
-9.10000000000002,-0.3190983623493336
-9.09000000000002,-0.32855946563267374
-9.08000000000002,-0.3379877132432492
-9.07000000000002,-0.3473821623641559
-9.06000000000002,-0.35674187355831033
-9.05000000000002,-0.3660659108623928
-9.04000000000002,-0.375353341880443
-9.03000000000002,-0.38460323787709855
-9.020000000000021,-0.39381467387046803
-9.010000000000021,-0.40298672872462826
-9.000000000000021,-0.41211848524173716
-8.990000000000022,-0.42120903025375284
-8.980000000000022,-0.4302574547137495
-8.970000000000022,-0.4392628537868214
-8.960000000000022,-0.44822432694056585
-8.950000000000022,-0.45714097803513526
-8.940000000000023,-0.4660119154128507
-8.930000000000023,-0.47483625198736684
-8.920000000000023,-0.4836131053323798
-8.910000000000023,-0.4923415977698691
-8.900000000000023,-0.5010208564578646
-8.890000000000024,-0.5096500134777305
-8.880000000000024,-0.5182282059209554
-8.870000000000024,-0.5267545759754437
-8.860000000000024,-0.5352282710112951
-8.850000000000025,-0.5436484436660675
-8.840000000000025,-0.5520142519295121
-8.830000000000025,-0.5603248592277741
-8.820000000000025,-0.5685794345070492
-8.810000000000025,-0.5767771523166881
-8.800000000000026,-0.5849171928917415
-8.790000000000026,-0.592998742234935
-8.780000000000026,-0.601020992198069
-8.770000000000026,-0.6089831405628324
-8.760000000000026,-0.6168843911210238
-8.750000000000027,-0.6247239537541716
-8.740000000000027,-0.6325010445125456
-8.730000000000027,-0.6402148856935508
-8.720000000000027,-0.6478647059194973
-8.710000000000027,-0.6554497402147372
-8.700000000000028,-0.662969230082162
-8.690000000000028,-0.6704224235790511
-8.680000000000028,-0.6778085753922658
-8.670000000000028,-0.6851269469127799
-8.660000000000029,-0.6923768063095399
-8.650000000000029,-0.6995574286026477
-8.640000000000029,-0.7066680957358579
-8.63000000000003,-0.7137080966483825
-8.62000000000003,-0.7206767273459971
-8.61000000000003,-0.7275732909714391
-8.60000000000003,-0.7343970978740929
-8.59000000000003,-0.7411474656789548
-8.58000000000003,-0.7478237193548698
-8.57000000000003,-0.7544251912820336
-8.56000000000003,-0.7609512213187547
-8.550000000000031,-0.7674011568674679
-8.540000000000031,-0.7737743529399932
-8.530000000000031,-0.7800701722220342
-8.520000000000032,-0.7862879851369095
-8.510000000000032,-0.7924271699085088
-8.500000000000032,-0.798487112623471
-8.490000000000032,-0.8044672072925746
-8.480000000000032,-0.8103668559113361
-8.470000000000033,-0.8161854685198099
-8.460000000000033,-0.821922463261584
-8.450000000000033,-0.827577266441965
-8.440000000000033,-0.8331493125853473
-8.430000000000033,-0.8386380444917598
-8.420000000000034,-0.844042913292586
-8.410000000000034,-0.8493633785054495
-8.400000000000034,-0.854598908088263
-8.390000000000034,-0.859748978492431
-8.380000000000035,-0.8648130747152049
-8.370000000000035,-0.8697906903511824
-8.360000000000035,-0.874681327642948
-8.350000000000035,-0.8794844975308479
-8.340000000000035,-0.8841997197018961
-8.330000000000036,-0.8888265226378048
-8.320000000000036,-0.893364443662136
-8.310000000000036,-0.8978130289865688
-8.300000000000036,-0.902171833756278
-8.290000000000036,-0.906440422094419
-8.280000000000037,-0.910618367145715
-8.270000000000037,-0.9147052511191426
-8.260000000000037,-0.9187006653297101
-8.250000000000037,-0.9226042102393258
-8.240000000000038,-0.9264154954967521
-8.230000000000038,-0.930134139976639
-8.220000000000038,-0.9337597718176374
-8.210000000000038,-0.9372920284595846
-8.200000000000038,-0.9407305566797599
-8.190000000000039,-0.9440750126282068
-8.180000000000039,-0.9473250618621174
-8.170000000000039,-0.9504803793792768
-8.16000000000004,-0.9535406496505625
-8.15000000000004,-0.9565055666514977
-8.14000000000004,-0.9593748338928532
-8.13000000000004,-0.9621481644502956
-8.12000000000004,-0.9648252809930806
-8.11000000000004,-0.9674059158117846
-8.10000000000004,-0.9698898108450764
-8.09000000000004,-0.9722767177055225
-8.080000000000041,-0.9745663977044259
-8.070000000000041,-0.9767586218756948
-8.060000000000041,-0.978853170998739
-8.050000000000042,-0.9808498356203915
-8.040000000000042,-0.9827484160758543
-8.030000000000042,-0.9845487225086637
-8.020000000000042,-0.9862505748896767
-8.010000000000042,-0.9878538030350735
-8.000000000000043,-0.9893582466233756
-7.990000000000043,-0.9907637552114777
-7.980000000000043,-0.9920701882496925
-7.970000000000043,-0.9932774150958048
-7.9600000000000435,-0.9943853150281358
-7.950000000000044,-0.9953937772576157
-7.940000000000044,-0.9963027009388619
-7.930000000000044,-0.9971119951802637
-7.920000000000044,-0.9978215790530713
-7.9100000000000446,-0.998431381599489
-7.900000000000045,-0.99894134183977
-7.890000000000045,-0.9993514087783154
-7.880000000000045,-0.999661541408773
-7.870000000000045,-0.9998717087181382
-7.860000000000046,-0.9999818896898554
-7.850000000000046,-0.9999920733059189
-7.840000000000046,-0.9999022585479759
-7.830000000000046,-0.9997124543974271
-7.8200000000000465,-0.9994226798345295
-7.810000000000047,-0.999032963836498
-7.800000000000047,-0.9985433453746075
-7.790000000000047,-0.9979538734102962
-7.780000000000047,-0.9972646068902694
-7.7700000000000475,-0.9964756147406045
-7.760000000000048,-0.9955869758598593
-7.750000000000048,-0.9945987791111811
-7.740000000000048,-0.9935111233134213
-7.730000000000048,-0.9923241172312534
-7.720000000000049,-0.9910378795642963
-7.710000000000049,-0.9896525389352451
-7.700000000000049,-0.9881682338770079
-7.690000000000049,-0.9865851128188539
-7.6800000000000495,-0.9849033340715694
-7.67000000000005,-0.9831230658116279
-7.66000000000005,-0.9812444860643716
-7.65000000000005,-0.9792677826862101
-7.64000000000005,-0.9771931533458336
-7.6300000000000505,-0.9750208055044475
-7.620000000000051,-0.9727509563950255
-7.610000000000051,-0.9703838330005872
-7.600000000000051,-0.9679196720314993
-7.590000000000051,-0.9653587199018052
-7.580000000000052,-0.962701232704584
-7.570000000000052,-0.9599474761863406
-7.560000000000052,-0.9570977257204322
-7.550000000000052,-0.9541522662795305
-7.540000000000052,-0.9511113924071251
-7.530000000000053,-0.9479754081880691
-7.520000000000053,-0.9447446272181713
-7.510000000000053,-0.9414193725728361
-7.500000000000053,-0.9379999767747573
-7.4900000000000535,-0.934486781760665
-7.480000000000054,-0.930880138847133
-7.470000000000054,-0.9271804086954473
-7.460000000000054,-0.9233879612755397
-7.450000000000054,-0.919503175828992
-7.440000000000055,-0.9155264408311115
-7.430000000000055,-0.911458153952084
-7.420000000000055,-0.9072987220172072
-7.410000000000055,-0.9030485609662084
-7.400000000000055,-0.8987080958116511
-7.390000000000056,-0.8942777605964334
-7.380000000000056,-0.8897579983503852
-7.370000000000056,-0.8851492610459644
-7.360000000000056,-0.8804520095530609
-7.3500000000000565,-0.8756667135929097
-7.340000000000057,-0.870793851691119
-7.330000000000057,-0.8658339111298183
-7.320000000000057,-0.8607873878989306
-7.310000000000057,-0.8556547866465734
-7.3000000000000576,-0.8504366206285948
-7.290000000000058,-0.8451334116572482
-7.280000000000058,-0.8397456900490113
-7.270000000000058,-0.8342739945715553
-7.260000000000058,-0.8287188723898681
-7.250000000000059,-0.8230808790115387
-7.240000000000059,-0.8173605782312067
-7.230000000000059,-0.811558542074183
-7.220000000000059,-0.8056753507392485
-7.2100000000000595,-0.799711592540634
-7.20000000000006,-0.7936678638491894
-7.19000000000006,-0.7875447690327476
-7.18000000000006,-0.7813429203956876
-7.17000000000006,-0.7750629381177051
-7.1600000000000605,-0.7687054501917945
-7.150000000000061,-0.7622710923614503
-7.140000000000061,-0.7557605080570938
-7.130000000000061,-0.74917434833173
-7.120000000000061,-0.7425132717958429
-7.110000000000062,-0.7357779445515351
-7.100000000000062,-0.7289690401259185
-7.090000000000062,-0.7220872394037614
-7.080000000000062,-0.7151332305594014
-7.0700000000000625,-0.7081077089879277
-7.060000000000063,-0.701011377235643
-7.050000000000063,-0.6938449449298091
-7.040000000000063,-0.6866091287076843
-7.030000000000063,-0.6793046521448611
-7.0200000000000635,-0.6719322456829088
-7.010000000000064,-0.6644926465563299
-7.000000000000064,-0.6569865987188374
-6.990000000000064,-0.6494148527689598
-6.980000000000064,-0.6417781658749828
-6.970000000000065,-0.6340773016992316
-6.960000000000065,-0.6263130303217064
-6.950000000000065,-0.6184861281630749
-6.940000000000065,-0.6105973779070304
-6.930000000000065,-0.6026475684220247
-6.920000000000066,-0.5946374946823815
-6.910000000000066,-0.5865679576887995
-6.900000000000066,-0.5784397643882537
-6.890000000000066,-0.5702537275933007
-6.8800000000000665,-0.5620106659007982
-6.870000000000067,-0.5537114036100462
-6.860000000000067,-0.5453567706403578
-6.850000000000067,-0.5369476024480679
-6.840000000000067,-0.5284847399429881
-6.830000000000068,-0.5199690294043163
-6.820000000000068,-0.5114013223960103
-6.810000000000068,-0.502782475681631
-6.800000000000068,-0.4941133511386676
-6.790000000000068,-0.48539481567235004
-6.780000000000069,-0.4766277411289596
-6.770000000000069,-0.46781300420864474
-6.760000000000069,-0.45895148637775185
-6.750000000000069,-0.45004407378067945
-6.7400000000000695,-0.4410916571512645
-6.73000000000007,-0.4320951317237096
-6.72000000000007,-0.4230553971430604
-6.71000000000007,-0.4139733573752419
-6.70000000000007,-0.4048499206166625
-6.690000000000071,-0.39568599920339526
-6.680000000000071,-0.3864825095199449
-6.670000000000071,-0.37724037190761023
-6.660000000000071,-0.3679605105724507
-6.650000000000071,-0.3586438534928667
-6.640000000000072,-0.3492913323268023
-6.630000000000072,-0.3399038823185804
-6.620000000000072,-0.3304824422053788
-6.610000000000072,-0.3210279541233579
-6.6000000000000725,-0.311541363513447
-6.590000000000073,-0.30202361902680175
-6.580000000000073,-0.2924756724299393
-6.570000000000073,-0.28289847850956285
-6.560000000000073,-0.2732929949770833
-6.5500000000000735,-0.2636601823728495
-6.540000000000074,-0.25400100397009445
-6.530000000000074,-0.2443164256786092
-6.520000000000074,-0.23460741594815246
-6.510000000000074,-0.22487494567160643
-6.500000000000075,-0.21511998808788838
-6.490000000000075,-0.2053435186846276
-6.480000000000075,-0.19554651510061744
-6.470000000000075,-0.18572995702805206
-6.4600000000000755,-0.1758948261145583
-6.450000000000076,-0.16604210586503168
-6.440000000000076,-0.15617278154328648
-6.430000000000076,-0.14628784007353052
-6.420000000000076,-0.13638826994167333
-6.4100000000000765,-0.12647506109647846
-6.400000000000077,-0.11654920485056951
-6.390000000000077,-0.1066116937812995
-6.380000000000077,-0.09666352163149415
-6.370000000000077,-0.08670568321007831
-6.360000000000078,-0.07673917429259595
-6.350000000000078,-0.06676499152163345
-6.340000000000078,-0.056784132307156086
-6.330000000000078,-0.046797594726767956
-6.320000000000078,-0.03680637742590502
-6.310000000000079,-0.02681147951797137
-6.300000000000079,-0.01681390048442875
-6.290000000000079,-0.006814640074849222
-6.280000000000079,0.003185301793058943
-6.2700000000000795,0.01318492513344221
-6.26000000000008,0.023183229992299537
-6.25000000000008,0.03317921654747692
-6.24000000000008,0.04317188520864882
-6.23000000000008,0.05316023671727631
-6.220000000000081,0.06314327224653211
-6.210000000000081,0.07311999350118248
-6.200000000000081,0.08308940281741585
-6.190000000000081,0.09305050326260843
-6.180000000000081,0.10300229873501657
-6.170000000000082,0.11294379406338617
-6.160000000000082,0.12287399510646896
-6.150000000000082,0.13279190885243575
-6.140000000000082,0.14269654351817684
-6.1300000000000825,0.1525869086484795
-6.120000000000083,0.16246201521507267
-6.110000000000083,0.1723208757155289
-6.100000000000083,0.1821625042720138
-6.090000000000083,0.19198591672987309
-6.080000000000084,0.20179013075604713
-6.070000000000084,0.21157416593730344
-6.060000000000084,0.22133704387827724
-6.050000000000084,0.23107778829931014
-6.040000000000084,0.24079542513407728
-6.030000000000085,0.2504889826269932
-6.020000000000085,0.2601574914303866
-6.010000000000085,0.26979998470143407
-6.000000000000085,0.279415498198844
-5.9900000000000855,0.2890030703792795
-5.980000000000086,0.2985617424935122
-5.970000000000086,0.3080905586822962
-5.960000000000086,0.3175885660719532
-5.950000000000086,0.3270548148696592
-5.9400000000000865,0.3364883584584231
-5.930000000000087,0.3458882534917472
-5.920000000000087,0.3552535599879613
-5.910000000000087,0.3645833414242203
-5.900000000000087,0.3738766648301553
-5.890000000000088,0.3831326008811701
-5.880000000000088,0.392350223991373
-5.870000000000088,0.4015286124061341
-5.860000000000088,0.4106668482942607
-5.8500000000000885,0.41976401783977907
-5.840000000000089,0.42881921133331563
-5.830000000000089,0.43783152326306707
-5.820000000000089,0.44680005240535053
-5.810000000000089,0.45572390191472567
-5.8000000000000895,0.46460217941367793
-5.79000000000009,0.473433997081856
-5.78000000000009,0.482218471744853
-5.77000000000009,0.4909547249625228
-5.76000000000009,0.499641883116824
-5.750000000000091,0.5082790774991803
-5.740000000000091,0.5168654443973512
-5.730000000000091,0.5254001251818021
-5.720000000000091,0.5338822663915669
-5.7100000000000914,0.5423110198195928
-5.700000000000092,0.5506855425975612
-5.690000000000092,0.5590049972801729
-5.680000000000092,0.5672685519288926
-5.670000000000092,0.5754753801951416
-5.6600000000000925,0.5836246614029322
-5.650000000000093,0.5917155806309349
-5.640000000000093,0.5997473287939691
-5.630000000000093,0.6077191027239117
-5.620000000000093,0.6156301052500128
-5.610000000000094,0.6234795452786124
-5.600000000000094,0.6312666378722486
-5.590000000000094,0.6389906043281514
-5.580000000000094,0.6466506722561116
-5.570000000000094,0.6542460756557201
-5.560000000000095,0.6617760549929663
-5.550000000000095,0.6692398572761914
-5.540000000000095,0.6766367361313869
-5.530000000000095,0.6839659518768313
-5.5200000000000955,0.6912267715970578
-5.510000000000096,0.6984184692161449
-5.500000000000096,0.7055403255703239
-5.490000000000096,0.7125916284798942
-5.480000000000096,0.7195716728204409
-5.470000000000097,0.7264797605933465
-5.460000000000097,0.7333152009955907
-5.450000000000097,0.7400773104888292
-5.440000000000097,0.7467654128677479
-5.430000000000097,0.7533788393276823
-5.420000000000098,0.7599169285314975
-5.410000000000098,0.7663790266757216
-5.400000000000098,0.7727644875559251
-5.390000000000098,0.7790726726313414
-5.3800000000000985,0.7853029510887195
-5.370000000000099,0.7914546999054057
-5.360000000000099,0.7975273039116448
-5.350000000000099,0.8035201558520966
-5.340000000000099,0.809432656446561
-5.3300000000000995,0.8152642144499058
-5.3200000000001,0.8210142467111903
-5.3100000000001,0.8266821782319798
-5.3000000000001,0.8322674422238456
-5.2900000000001,0.8377694801650429
-5.280000000000101,0.8431877418563628
-5.270000000000101,0.848521685476151
-5.260000000000101,0.8537707776344907
-5.250000000000101,0.8589344934265402
-5.2400000000001015,0.8640123164850234
-5.230000000000102,0.869003739031866
-5.220000000000102,0.8739082619289728
-5.210000000000102,0.878725394728141
-5.200000000000102,0.8834546557201053
-5.1900000000001025,0.8880955719827073
-5.180000000000103,0.8926476794281882
-5.170000000000103,0.8971105228495969
-5.160000000000103,0.9014836559663102
-5.150000000000103,0.9057666414686608
-5.140000000000104,0.9099590510616675
-5.130000000000104,0.9140604655078648
-5.120000000000104,0.9180704746692258
-5.110000000000104,0.921988677548176
-5.1000000000001044,0.9258146823276928
-5.090000000000105,0.9295481064104865
-5.080000000000105,0.9331885764572599
-5.070000000000105,0.9367357284240423
-5.060000000000105,0.9401892075985927
-5.0500000000001055,0.9435486686358716
-5.040000000000106,0.9468137755925748
-5.030000000000106,0.9499842019607277
-5.020000000000106,0.9530596307003355
-5.010000000000106,0.9560397542710868
-5.000000000000107,0.9589242746631083
-4.990000000000107,0.9617129034267642
-4.980000000000107,0.9644053617015023
-4.970000000000107,0.9670013802437387
-4.960000000000107,0.9695006994537825
-4.950000000000108,0.9719030694017955
-4.940000000000108,0.9742082498527849
-4.930000000000108,0.9764160102906264
-4.920000000000108,0.9785261299411162
-4.9100000000001085,0.9805383977940476
-4.900000000000109,0.9824526126243123
-4.890000000000109,0.9842685830120222
-4.880000000000109,0.9859861273616521
-4.870000000000109,0.9876050739201981
-4.86000000000011,0.9891252607943537
-4.85000000000011,0.9905465359666982
-4.84000000000011,0.9918687573108985
-4.83000000000011,0.9930917926059225
-4.82000000000011,0.9942155195492596
-4.810000000000111,0.9952398257691518
-4.800000000000111,0.996164608835831
-4.790000000000111,0.996989776271761
-4.780000000000111,0.9977152455608858
-4.7700000000001115,0.9983409441568811
-4.760000000000112,0.9988668094904088
-4.750000000000112,0.9992927889753738
-4.740000000000112,0.9996188400141823
-4.730000000000112,0.9998449300020024
-4.7200000000001125,0.9999710363300236
-4.710000000000113,0.9999971463877182
-4.700000000000113,0.9999232575641023
-4.690000000000113,0.9997493772479965
-4.680000000000113,0.9994755228272877
-4.670000000000114,0.9991017216871896
-4.660000000000114,0.9986280112075048
-4.650000000000114,0.9980544387588864
-4.640000000000114,0.9973810616981016
-4.6300000000001145,0.996607947362295
-4.620000000000115,0.9957351730622559
-4.610000000000115,0.9947628260746872
-4.600000000000115,0.9936910036334774
-4.590000000000115,0.9925198129199773
-4.5800000000001155,0.9912493710522822
-4.570000000000116,0.9898798050735202
-4.560000000000116,0.9884112519391481
-4.550000000000116,0.9868438585032554
-4.540000000000116,0.9851777815038795
-4.530000000000117,0.9834131875473319
-4.520000000000117,0.9815502530915378
-4.510000000000117,0.9795891644283904
-4.500000000000117,0.9775301176651218
-4.4900000000001175,0.9753733187046923
-4.480000000000118,0.9731189832252009
-4.470000000000118,0.9707673366583166
-4.460000000000118,0.9683186141667366
-4.450000000000118,0.9657730606206695
-4.4400000000001185,0.9631309305733484
-4.430000000000119,0.9603924882355765
-4.420000000000119,0.9575580074493054
-4.410000000000119,0.9546277716602518
-4.400000000000119,0.9516020738895526
-4.39000000000012,0.9484812167044636
-4.38000000000012,0.9452655121881025
-4.37000000000012,0.9419552819082412
-4.36000000000012,0.9385508568851493
-4.35000000000012,0.9350525775584918
-4.340000000000121,0.9314607937532865
-4.330000000000121,0.9277758646449206
-4.320000000000121,0.9239981587232341
-4.310000000000121,0.9201280537556713
-4.3000000000001215,0.9161659367495036
-4.290000000000122,0.9121122039131302
-4.280000000000122,0.9079672606164564
-4.270000000000122,0.9037315213503578
-4.260000000000122,0.8994054096852312
-4.250000000000123,0.8949893582286382
-4.240000000000123,0.8904838085820442
-4.230000000000123,0.8858892112966595
-4.220000000000123,0.8812060258283836
-4.210000000000123,0.8764347204918609
-4.200000000000124,0.8715757724136487
-4.190000000000124,0.8666296674845059
-4.180000000000124,0.8615969003108036
-4.170000000000124,0.8564779741650653
-4.1600000000001245,0.8512734009356397
-4.150000000000125,0.8459837010755128
-4.140000000000125,0.8406094035502624
-4.130000000000125,0.8351510457851624
-4.120000000000125,0.8296091736114408
-4.1100000000001256,0.8239843412116967
-4.100000000000126,0.8182771110644828
-4.090000000000126,0.8124880538880578
-4.080000000000126,0.806617748583315
-4.070000000000126,0.8006667821758933
-4.060000000000127,0.794635749757474
-4.050000000000127,0.7885252544262731
-4.040000000000127,0.7823359072267319
-4.030000000000127,0.7760683270884123
-4.0200000000001275,0.7697231407641055
-4.010000000000128,0.763300982767156
-4.000000000000128,0.7568024953080118
-3.990000000000128,0.7502283282300035
-3.9800000000001283,0.7435791389443605
-3.9700000000001285,0.7368555923644701
-3.9600000000001288,0.7300583608393876
-3.950000000000129,0.723188124086601
-3.940000000000129,0.7162455691240607
-3.9300000000001294,0.7092313902014772
-3.9200000000001296,0.7021462887308978
-3.91000000000013,0.6949909732165652
-3.90000000000013,0.6877661591840682
-3.8900000000001302,0.6804725691087894
-3.8800000000001305,0.6731109323436582
-3.8700000000001307,0.6656819850462166
-3.860000000000131,0.6581864701050035
-3.850000000000131,0.6506251370652668
-3.8400000000001313,0.6429987420540094
-3.8300000000001315,0.6353080477043771
-3.8200000000001317,0.627553823079396
-3.810000000000132,0.6197368435950668
-3.800000000000132,0.6118578909428236
-3.7900000000001324,0.6039177530113661
-3.7800000000001326,0.5959172238078705
-3.770000000000133,0.5878571033785902
-3.760000000000133,0.5797381977288513
-3.7500000000001332,0.5715613187424531
-3.7400000000001334,0.5633272841004802
-3.7300000000001337,0.555036917199535
-3.720000000000134,0.5466910470693991
-3.710000000000134,0.5382905082901307
-3.7000000000001343,0.5298361409086071
-3.6900000000001345,0.5213287903545214
-3.6800000000001347,0.5127693073558394
-3.670000000000135,0.504158547853728
-3.660000000000135,0.4954973729169622
-3.6500000000001354,0.4867866486558177
-3.6400000000001356,0.4780272461354618
-3.630000000000136,0.46922004128884715
-3.620000000000136,0.4603659148291189
-3.610000000000136,0.4514657521615448
-3.6000000000001364,0.44252044329497475
-3.5900000000001366,0.43353088275284096
-3.580000000000137,0.42449796948370644
-3.570000000000137,0.4154226067713707
-3.5600000000001373,0.40630570214454215
-3.5500000000001375,0.39714816728608615
-3.5400000000001377,0.3879509179418572
-3.530000000000138,0.37871487382912544
-3.520000000000138,0.36944095854460546
-3.5100000000001383,0.3601300994720974
-3.5000000000001386,0.3507832276897496
-3.4900000000001388,0.3414012778769512
-3.480000000000139,0.3319851882208652
-3.470000000000139,0.32253590032261054
-3.4600000000001394,0.31305435910310264
-3.4500000000001396,0.3035415127085622
-3.44000000000014,0.2939983124157013
-3.43000000000014,0.28442571253659665
-3.4200000000001403,0.2748246703232589
-3.4100000000001405,0.2651961458719087
-3.4000000000001407,0.25554110202696734
-3.390000000000141,0.2458605042847735
-3.380000000000141,0.2361553206970342
-3.3700000000001413,0.2264265217740207
-3.3600000000001415,0.21667508038751793
-3.3500000000001418,0.20690197167353835
-3.340000000000142,0.19710817293480917
-3.330000000000142,0.18729466354304278
-3.3200000000001424,0.17746242484100044
-3.3100000000001426,0.16761244004435885
-3.300000000000143,0.1577456941433894
-3.290000000000143,0.14786317380445993
-3.2800000000001432,0.13796586727136892
-3.2700000000001435,0.12805476426652193
-3.2600000000001437,0.11813085589196025
-3.250000000000144,0.10819513453025141
-3.240000000000144,0.09824859374525187
-3.2300000000001443,0.08829222818275136
-3.2200000000001445,0.07832703347100918
-3.2100000000001447,0.06835400612119222
-3.200000000000145,0.058374143427724616
-3.190000000000145,0.04838844336855919
-3.1800000000001454,0.03839790450538049
-3.1700000000001456,0.028403525883749392
-3.160000000000146,0.018406306933199446
-3.150000000000146,0.008407247367294719
-3.1400000000001462,-0.001592652916340723
-3.1300000000001464,-0.011592393936011736
-3.1200000000001467,-0.021590975725949445
-3.110000000000147,-0.03158739843630698
-3.100000000000147,-0.04158066243314362
-3.0900000000001473,-0.051569768398387394
-3.0800000000001475,-0.06155371742976599
-3.0700000000001477,-0.0715315111406962
-3.060000000000148,-0.08150215176012174
-3.050000000000148,-0.09146464223228949
-3.0400000000001484,-0.10141798631645431
-3.0300000000001486,-0.11136118868650217
-3.020000000000149,-0.12129325503048208
-3.010000000000149,-0.13121319215003632
-3.000000000000149,-0.1411200080597195
-2.9900000000001494,-0.15101271208619635
-2.9800000000001496,-0.16089031496730805
-2.97000000000015,-0.17075182895099786
-2.96000000000015,-0.18059626789408528
-2.9500000000001503,-0.1904226473608797
-2.9400000000001505,-0.20022998472162304
-2.9300000000001507,-0.21001729925075197
-2.920000000000151,-0.21978361222496964
-2.910000000000151,-0.22952794702111723
-2.9000000000001513,-0.23924932921383538
-2.8900000000001516,-0.2489467866730059
-2.8800000000001518,-0.2586193496609641
-2.870000000000152,-0.2682660509294716
-2.860000000000152,-0.27788592581644045
-2.8500000000001524,-0.2874780123423985
-2.8400000000001526,-0.2970413513066865
-2.830000000000153,-0.3065749863833775
-2.820000000000153,-0.3160779642169085
-2.8100000000001533,-0.32554933451741513
-2.8000000000001535,-0.33498815015576033
-2.7900000000001537,-0.34439346725824577
-2.780000000000154,-0.353764345300999
-2.770000000000154,-0.3630998472040247
-2.7600000000001543,-0.3723990394249123
-2.7500000000001545,-0.38166099205218884
-2.7400000000001548,-0.39088477889830997
-2.730000000000155,-0.4000694775922775
-2.720000000000155,-0.4092141696718759
-2.7100000000001554,-0.4183179406755178
-2.7000000000001556,-0.4273798802336892
-2.690000000000156,-0.4363990821599861
-2.680000000000156,-0.4453746445417316
-2.6700000000001562,-0.4543056698301672
-2.6600000000001565,-0.4631912649302066
-2.6500000000001567,-0.4720305412897444
-2.640000000000157,-0.48082261498851075
-2.630000000000157,-0.48956660682646247
-2.6200000000001573,-0.4982616424117023
-2.6100000000001575,-0.5069068522479175
-2.6000000000001577,-0.515501371821329
-2.590000000000158,-0.5240443416871414
-2.580000000000158,-0.5325349075554873
-2.5700000000001584,-0.5409722203768552
-2.5600000000001586,-0.5493554364269941
-2.550000000000159,-0.5576837173912851
-2.540000000000159,-0.5659562304485717
-2.5300000000001592,-0.5741721483544421
-2.5200000000001594,-0.5823306495239523
-2.5100000000001597,-0.590430918113784
-2.50000000000016,-0.5984721441038284
-2.49000000000016,-0.6064535233781876
-2.4800000000001603,-0.6143742578055852
-2.4700000000001605,-0.6222335553191791
-2.4600000000001607,-0.6300306299957674
-2.450000000000161,-0.6377647021343799
-2.440000000000161,-0.6454349983342476
-2.4300000000001614,-0.6530407515721427
-2.4200000000001616,-0.6605812012790794
-2.410000000000162,-0.6680555934163707
-2.400000000000162,-0.6754631805510315
-2.390000000000162,-0.6828032219305212
-2.3800000000001624,-0.6900749835568188
-2.3700000000001626,-0.6972777382598212
-2.360000000000163,-0.7044107657700606
-2.350000000000163,-0.7114733527907299
-2.3400000000001633,-0.7184647930690126
-2.3300000000001635,-0.7253843874667071
-2.3200000000001637,-0.7322314440301398
-2.310000000000164,-0.7390052780593604
-2.300000000000164,-0.7457052121766108
-2.2900000000001643,-0.7523305763940624
-2.2800000000001646,-0.7588807081808148
-2.2700000000001648,-0.7653549525291474
-2.260000000000165,-0.7717526620200209
-2.250000000000165,-0.7780731968878175
-2.2400000000001654,-0.7843159250843174
-2.2300000000001656,-0.7904802223419033
-2.220000000000166,-0.7965654722359864
-2.210000000000166,-0.8025710662466482
-2.2000000000001663,-0.8084964038194923
-2.1900000000001665,-0.8143408924256993
-2.1800000000001667,-0.8201039476212788
-2.170000000000167,-0.8257849931055139
-2.160000000000167,-0.8313834607785904
-2.1500000000001673,-0.8368987907984061
-2.1400000000001675,-0.8423304316365554
-2.1300000000001678,-0.8476778401334807
-2.120000000000168,-0.8529404815527886
-2.110000000000168,-0.8581178296347225
-2.1000000000001684,-0.8632093666487888
-2.0900000000001686,-0.8682145834455288
-2.080000000000169,-0.8731329795074342
-2.070000000000169,-0.8779640629989972
-2.0600000000001693,-0.8827073508158945
-2.0500000000001695,-0.8873623686332973
-2.0400000000001697,-0.8919286509533029
-2.03000000000017,-0.8964057411514846
-2.02000000000017,-0.9007931915225534
-2.0100000000001703,-0.9050905633251285
-2.0000000000001705,-0.9092974268256108
-1.9900000000001705,-0.9134133613411558
-1.9800000000001705,-0.917437955281742
-1.9700000000001705,-0.9213708061913292
-1.9600000000001705,-0.9252115207881035
-1.9500000000001705,-0.9289597150038061
-1.9400000000001705,-0.932615014022139
-1.9300000000001705,-0.9361770523162461
-1.9200000000001705,-0.9396454736852666
-1.9100000000001705,-0.9430199312899539
-1.9000000000001704,-0.9463000876873594
-1.8900000000001704,-0.9494856148645769
-1.8800000000001704,-0.9525761942715435
-1.8700000000001704,-0.9555715168528938
-1.8600000000001704,-0.9584712830788655
-1.8500000000001704,-0.9612752029752529
-1.8400000000001704,-0.9639829961524028
-1.8300000000001704,-0.9665943918332539
-1.8200000000001704,-0.9691091288804143
-1.8100000000001704,-0.971526955822275
-1.8000000000001704,-0.9738476308781565
-1.7900000000001703,-0.9760709219824871
-1.7800000000001703,-0.9781966068080094
-1.7700000000001703,-0.9802244727880117
-1.7600000000001703,-0.9821543171375864
-1.7500000000001703,-0.9839859468739065
-1.7400000000001703,-0.9857191788355248
-1.7300000000001703,-0.9873538397006895
-1.7200000000001703,-0.9888897660046762
-1.7100000000001703,-0.9903268041561344
-1.7000000000001703,-0.9916648104524467
-1.6900000000001703,-0.9929036510940983
-1.6800000000001702,-0.9940432021980574
-1.6700000000001702,-0.9950833498101633
-1.6600000000001702,-0.9960239899165215
-1.6500000000001702,-0.9968650284539053
-1.6400000000001702,-0.9976063813191619
-1.6300000000001702,-0.9982479743776224
-1.6200000000001702,-0.9987897434705156
-1.6100000000001702,-0.9992316344213839
-1.6000000000001702,-0.9995736030415002
-1.5900000000001702,-0.9998156151342876
-1.5800000000001702,-0.9999576464987385
-1.5700000000001701,-0.9999996829318347
-1.5600000000001701,-0.9999417202299681
-1.5500000000001701,-0.9997837641893605
-1.5400000000001701,-0.9995258306054843
-1.5300000000001701,-0.999167945271483
-1.52000000000017,-0.9987101439755917
-1.51000000000017,-0.9981524724975585
-1.50000000000017,-0.9974949866040664
-1.49000000000017,-0.9967377520431571
-1.48000000000017,-0.9958808445376555
-1.47000000000017,-0.994924349777598
-1.46000000000017,-0.9938683634116636
-1.45000000000017,-0.992712991037609
-1.44000000000017,-0.9914583481917086
-1.43000000000017,-0.9901045603372016
-1.42000000000017,-0.9886517628517454
-1.41000000000017,-0.9871001010138776
-1.40000000000017,-0.9854497299884891
-1.39000000000017,-0.9837008148113071
-1.38000000000017,-0.981853530372392
-1.37000000000017,-0.9799080613986482
-1.36000000000017,-0.9778646024353518
-1.35000000000017,-0.9757233578266963
-1.34000000000017,-0.9734845416953583
-1.33000000000017,-0.9711483779210851
-1.32000000000017,-0.9687151001183074
-1.31000000000017,-0.9661849516127778
-1.30000000000017,-0.9635581854172384
-1.29000000000017,-0.9608350642061197
-1.28000000000017,-0.9580158602892737
-1.2700000000001699,-0.9551008555847426
-1.2600000000001699,-0.9520903415905677
-1.2500000000001699,-0.9489846193556398
-1.2400000000001699,-0.9457839994495941
-1.2300000000001698,-0.9424888019317543
-1.2200000000001698,-0.939099356319126
-1.2100000000001698,-0.9356160015534459
-1.2000000000001698,-0.9320390859672879
-1.1900000000001698,-0.9283689672492298
-1.1800000000001698,-0.924606012408085
-1.1700000000001698,-0.9207505977362018
-1.1600000000001698,-0.9168031087718347
-1.1500000000001698,-0.9127639402605905
-1.1400000000001698,-0.9086334961159541
-1.1300000000001698,-0.9044121893788983
-1.1200000000001697,-0.9001004421765789
-1.1100000000001697,-0.8956986856801231
-1.1000000000001697,-0.8912073600615124
-1.0900000000001697,-0.8866269144495658
-1.0800000000001697,-0.8819578068850275
-1.0700000000001697,-0.8772005042747631
-1.0600000000001697,-0.8723554823450692
-1.0500000000001697,-0.8674232255941013
-1.0400000000001697,-0.8624042272434242
-1.0300000000001697,-0.8572989891886907
-1.0200000000001697,-0.8521080219494517
-1.0100000000001697,-0.8468318446181055
-1.0000000000001696,-0.8414709848079882
-0.9900000000001696,-0.8360259786006136
-0.9800000000001696,-0.830497370492065
-0.9700000000001696,-0.8248857133385459
-0.9600000000001696,-0.8191915683010955
-0.9500000000001696,-0.8134155047894724
-0.9400000000001696,-0.8075581004052144
-0.9300000000001696,-0.8016199408838786
-0.9200000000001696,-0.7956016200364687
-0.9100000000001696,-0.7895037396900545
-0.9000000000001696,-0.7833269096275888
-0.8900000000001695,-0.7770717475269305
-0.8800000000001695,-0.7707388788990773
-0.8700000000001695,-0.7643289370256144
-0.8600000000001695,-0.7578425628953875
-0.8500000000001695,-0.7512804051404046
-0.8400000000001695,-0.7446431199709724
-0.8300000000001695,-0.7379313711100771
-0.8200000000001695,-0.7311458297270115
-0.8100000000001695,-0.7242871743702594
-0.8000000000001695,-0.7173560908996408
-0.7900000000001695,-0.710353272417727
-0.7800000000001694,-0.7032794192005306
-0.7700000000001694,-0.6961352386274784
-0.7600000000001694,-0.6889214451106741
-0.7500000000001694,-0.6816387600234581
-0.7400000000001694,-0.6742879116282702
-0.7300000000001694,-0.6668696350038241
-0.7200000000001694,-0.6593846719716006
-0.7100000000001694,-0.6518337710216652
-0.7000000000001694,-0.6442176872378206
-0.6900000000001694,-0.6365371822220985
-0.6800000000001694,-0.6287930240186002
-0.6700000000001693,-0.6209859870366924
-0.6600000000001693,-0.6131168519735676
-0.6500000000001693,-0.6051864057361743
-0.6400000000001693,-0.5971954413625279
-0.6300000000001693,-0.5891447579424063
-0.6200000000001693,-0.5810351605374429
-0.6100000000001693,-0.5728674601006201
-0.6000000000001693,-0.564642473395175
-0.5900000000001693,-0.5563610229129244
-0.5800000000001693,-0.5480239367920151
-0.5700000000001693,-0.5396320487341117
-0.5600000000001693,-0.5311861979210268
-0.5500000000001692,-0.5226872289308034
-0.5400000000001692,-0.5141359916532583
-0.5300000000001692,-0.5055333412049929
-0.5200000000001692,-0.4968801378438836
-0.5100000000001692,-0.4881772468830552
-0.5000000000001692,-0.4794255386043515
-0.4900000000001692,-0.4706258881713073
-0.4800000000001692,-0.46177917554163295
-0.47000000000016917,-0.4528862853792191
-0.46000000000016916,-0.44394810696567133
-0.45000000000016915,-0.4349655341113825
-0.44000000000016914,-0.42593946506615266
-0.43000000000016914,-0.41687080242936453
-0.4200000000001691,-0.40776045305972464
-0.4100000000001691,-0.398609327984578
-0.4000000000001691,-0.38941834230880623
-0.3900000000001691,-0.3801884151233178
-0.3800000000001691,-0.3709204694131397
-0.3700000000001691,-0.36161543196511964
-0.3600000000001691,-0.3522742332752482
-0.35000000000016906,-0.34289780745561016
-0.34000000000016906,-0.3334870921409738
-0.33000000000016905,-0.3240430283950283
-0.32000000000016904,-0.31456656061627825
-0.31000000000016903,-0.3050586364436045
-0.300000000000169,-0.29552020666150103
-0.290000000000169,-0.2859522251049975
-0.280000000000169,-0.27635564856427614
-0.270000000000169,-0.266731436688994
-0.260000000000169,-0.2570805518923184
-0.250000000000169,-0.24740395925468664
-0.24000000000016897,-0.23770262642729872
-0.23000000000016896,-0.22797752353535292
-0.22000000000016895,-0.2182296230810342
-0.21000000000016894,-0.2084598998462648
-0.20000000000016893,-0.19866933079522678
-0.19000000000016892,-0.18885889497666647
-0.1800000000001689,-0.17902957342599035
-0.1700000000001689,-0.16918234906716248
-0.1600000000001689,-0.1593182066144127
-0.1500000000001689,-0.14943813247376622
-0.14000000000016888,-0.13954311464440372
-0.13000000000016887,-0.1296341426198623
-0.12000000000016887,-0.11971220728908702
-0.11000000000016888,-0.10977830083734266
-0.10000000000016888,-0.09983341664699619
-0.09000000000016889,-0.08987854919817925
-0.0800000000001689,-0.07991469396934105
-0.0700000000001689,-0.06994284733770124
-0.0600000000001689,-0.05996400647961319
-0.050000000000168895,-0.049979169270847015
-0.040000000000168894,-0.039989334186802915
-0.03000000000016889,-0.029995500202664477
-0.02000000000016889,-0.019998666693501935
-0.01000000000016889,-0.009999833334335545
-1.6888920817414999e-13,-1.6888920817414999e-13
0.009999999999831111,0.009999833333997784
0.01999999999983111,0.019998666693164226
0.029999999999831113,0.02999550020232685
0.039999999999831115,0.03998933418646541
0.04999999999983112,0.04997916927050966
0.05999999999983112,0.05996400647927602
0.06999999999983111,0.06994284733736429
0.07999999999983111,0.07991469396900433
0.0899999999998311,0.08987854919784284
0.0999999999998311,0.0998334166466601
0.1099999999998311,0.10977830083700692
0.11999999999983109,0.11971220728875166
0.12999999999983108,0.12963414261952738
0.1399999999998311,0.13954311464406924
0.1499999999998311,0.1494381324734322
0.1599999999998311,0.15931820661407922
0.16999999999983112,0.16918234906682955
0.17999999999983113,0.17902957342565803
0.18999999999983114,0.18885889497633476
0.19999999999983115,0.19866933079489574
0.20999999999983116,0.20845989984593444
0.21999999999983116,0.21822962308070457
0.22999999999983117,0.227977523535024
0.23999999999983118,0.2377026264269706
0.2499999999998312,0.24740395925435937
0.2599999999998312,0.25708055189199197
0.2699999999998312,0.26673143668866844
0.2799999999998312,0.2763556485639515
0.2899999999998312,0.28595222510467383
0.29999999999983123,0.29552020666117834
0.30999999999983124,0.3050586364432828
0.31999999999983125,0.31456656061595756
0.32999999999983126,0.3240430283947087
0.33999999999983127,0.3334870921406553
0.3499999999998313,0.34289780745529286
0.3599999999998313,0.35227423327493207
0.3699999999998313,0.36161543196480467
0.3799999999998313,0.370920469412826
0.3899999999998313,0.3801884151230054
0.3999999999998313,0.38941834230849515
0.40999999999983133,0.3986093279842682
0.41999999999983134,0.40776045305941616
0.42999999999983135,0.4168708024290575
0.43999999999983136,0.425939465065847
0.44999999999983137,0.43496553411107836
0.4599999999998314,0.4439481069653687
0.4699999999998314,0.45288628537891795
0.4799999999998314,0.46177917554133335
0.4899999999998314,0.47062588817100925
0.4999999999998314,0.47942553860405507
0.5099999999998314,0.4881772468827603
0.5199999999998314,0.49688013784359036
0.5299999999998314,0.5055333412047015
0.5399999999998314,0.5141359916529685
0.5499999999998314,0.5226872289305154
0.5599999999998314,0.5311861979207405
0.5699999999998314,0.5396320487338273
0.5799999999998314,0.5480239367917326
0.5899999999998314,0.5563610229126437
0.5999999999998314,0.5646424733948963
0.6099999999998315,0.5728674601003431
0.6199999999998315,0.5810351605371679
0.6299999999998315,0.5891447579421333
0.6399999999998315,0.5971954413622569
0.6499999999998315,0.6051864057359054
0.6599999999998315,0.6131168519733007
0.6699999999998315,0.6209859870364276
0.6799999999998315,0.6287930240183375
0.6899999999998315,0.636537182221838
0.6999999999998315,0.6442176872375622
0.7099999999998315,0.6518337710214089
0.7199999999998316,0.6593846719713465
0.7299999999998316,0.6668696350035723
0.7399999999998316,0.6742879116280207
0.7499999999998316,0.6816387600232109
0.7599999999998316,0.6889214451104293
0.7699999999998316,0.6961352386272358
0.7799999999998316,0.7032794192002905
0.7899999999998316,0.7103532724174894
0.7999999999998316,0.7173560908994054
0.8099999999998316,0.7242871743700264
0.8199999999998316,0.731145829726781
0.8299999999998317,0.7379313711098491
0.8399999999998317,0.744643119970747
0.8499999999998317,0.7512804051401816
0.8599999999998317,0.7578425628951672
0.8699999999998317,0.7643289370253965
0.8799999999998317,0.7707388788988621
0.8899999999998317,0.7770717475267179
0.8999999999998317,0.7833269096273788
0.9099999999998317,0.7895037396898471
0.9199999999998317,0.7956016200362641
0.9299999999998317,0.8016199408836766
0.9399999999998317,0.8075581004050151
0.9499999999998318,0.8134155047892759
0.9599999999998318,0.8191915683009018
0.9699999999998318,0.8248857133383549
0.9799999999998318,0.8304973704918768
0.9899999999998318,0.8360259786004283
0.9999999999998318,0.8414709848078056
1.0099999999998317,0.8468318446179257
1.0199999999998317,0.8521080219492748
1.0299999999998317,0.8572989891885168
1.0399999999998317,0.8624042272432532
1.0499999999998317,0.8674232255939331
1.0599999999998317,0.872355482344904
1.0699999999998318,0.8772005042746008
1.0799999999998318,0.8819578068848681
1.0899999999998318,0.8866269144494094
1.0999999999998318,0.891207360061359
1.1099999999998318,0.8956986856799728
1.1199999999998318,0.9001004421764317
1.1299999999998318,0.9044121893787541
1.1399999999998318,0.908633496115813
1.1499999999998318,0.9127639402604524
1.1599999999998318,0.9168031087716998
1.1699999999998318,0.92075059773607
1.1799999999998319,0.9246060124079563
1.1899999999998319,0.9283689672491042
1.1999999999998319,0.9320390859671654
1.2099999999998319,0.9356160015533266
1.2199999999998319,0.9390993563190098
1.229999999999832,0.9424888019316413
1.239999999999832,0.9457839994494844
1.249999999999832,0.9489846193555332
1.259999999999832,0.9520903415904644
1.269999999999832,0.9551008555846424
1.279999999999832,0.9580158602891767
1.289999999999832,0.960835064206026
1.299999999999832,0.963558185417148
1.309999999999832,0.9661849516126907
1.319999999999832,0.9687151001182236
1.329999999999832,0.9711483779210045
1.339999999999832,0.973484541695281
1.349999999999832,0.9757233578266222
1.359999999999832,0.9778646024352811
1.369999999999832,0.9799080613985807
1.379999999999832,0.9818535303723279
1.389999999999832,0.9837008148112464
1.399999999999832,0.9854497299884316
1.409999999999832,0.9871001010138235
1.419999999999832,0.9886517628516945
1.429999999999832,0.9901045603371542
1.439999999999832,0.9914583481916646
1.449999999999832,0.9927129910375683
1.459999999999832,0.9938683634116263
1.469999999999832,0.994924349777564
1.4799999999998321,0.9958808445376248
1.4899999999998321,0.9967377520431299
1.4999999999998321,0.9974949866040426
1.5099999999998321,0.9981524724975379
1.5199999999998322,0.9987101439755744
1.5299999999998322,0.9991679452714691
1.5399999999998322,0.9995258306054738
1.5499999999998322,0.9997837641893534
1.5599999999998322,0.9999417202299645
1.5699999999998322,0.9999996829318345
1.5799999999998322,0.9999576464987416
1.5899999999998322,0.9998156151342941
1.5999999999998322,0.9995736030415101
1.6099999999998322,0.9992316344213971
1.6199999999998322,0.9987897434705323
1.6299999999998322,0.9982479743776423
1.6399999999998323,0.9976063813191852
1.6499999999998323,0.9968650284539321
1.6599999999998323,0.9960239899165517
1.6699999999998323,0.9950833498101967
1.6799999999998323,0.9940432021980943
1.6899999999998323,0.9929036510941385
1.6999999999998323,0.9916648104524902
1.7099999999998323,0.9903268041561814
1.7199999999998323,0.9888897660047263
1.7299999999998323,0.987353839700743
1.7399999999998323,0.9857191788355817
1.7499999999998324,0.9839859468739668
1.7599999999998324,0.98215431713765
1.7699999999998324,0.9802244727880787
1.7799999999998324,0.9781966068080795
1.7899999999998324,0.9760709219825606
1.7999999999998324,0.9738476308782332
1.8099999999998324,0.971526955822355
1.8199999999998324,0.9691091288804977
1.8299999999998324,0.9665943918333405
1.8399999999998324,0.9639829961524927
1.8499999999998324,0.9612752029753461
1.8599999999998325,0.958471283078962
1.8699999999998325,0.9555715168529934
1.8799999999998325,0.9525761942716463
1.8899999999998325,0.9494856148646831
1.8999999999998325,0.9463000876874686
1.9099999999998325,0.9430199312900662
1.9199999999998325,0.9396454736853822
1.9299999999998325,0.9361770523163649
1.9399999999998325,0.9326150140222609
1.9499999999998325,0.9289597150039313
1.9599999999998325,0.9252115207882318
1.9699999999998326,0.9213708061914605
1.9799999999998326,0.9174379552818764
1.9899999999998326,0.9134133613412934
1.9999999999998326,0.9092974268257513
2.0099999999998324,0.9050905633252723
2.019999999999832,0.9007931915227002
2.029999999999832,0.8964057411516344
2.0399999999998317,0.8919286509534557
2.0499999999998315,0.8873623686334531
2.0599999999998313,0.8827073508160533
2.069999999999831,0.877964062999159
2.079999999999831,0.8731329795075989
2.0899999999998307,0.8682145834456966
2.0999999999998304,0.8632093666489594
2.1099999999998302,0.858117829634896
2.11999999999983,0.852940481552965
2.12999999999983,0.84767784013366
2.1399999999998296,0.8423304316367376
2.1499999999998294,0.8368987907985911
2.159999999999829,0.8313834607787781
2.169999999999829,0.8257849931057045
2.1799999999998287,0.8201039476214722
2.1899999999998285,0.8143408924258955
2.1999999999998283,0.8084964038196912
2.209999999999828,0.8025710662468498
2.219999999999828,0.7965654722361907
2.2299999999998277,0.7904802223421104
2.2399999999998275,0.7843159250845271
2.2499999999998272,0.7780731968880298
2.259999999999827,0.7717526620202358
2.269999999999827,0.7653549525293649
2.2799999999998266,0.7588807081810348
2.2899999999998264,0.7523305763942851
2.299999999999826,0.7457052121768359
2.309999999999826,0.7390052780595882
2.3199999999998258,0.73223144403037
2.3299999999998255,0.7253843874669397
2.3399999999998253,0.7184647930692476
2.349999999999825,0.7114733527909672
2.359999999999825,0.7044107657703004
2.3699999999998247,0.6972777382600635
2.3799999999998245,0.6900749835570634
2.3899999999998243,0.6828032219307681
2.399999999999824,0.6754631805512806
2.409999999999824,0.6680555934166221
2.4199999999998236,0.6605812012793331
2.4299999999998234,0.6530407515723986
2.439999999999823,0.6454349983345058
2.449999999999823,0.6377647021346401
2.4599999999998228,0.6300306299960299
2.4699999999998226,0.6222335553194437
2.4799999999998223,0.6143742578058519
2.489999999999822,0.6064535233784563
2.499999999999822,0.5984721441040992
2.5099999999998217,0.5904309181140567
2.5199999999998215,0.582330649524227
2.5299999999998213,0.5741721483547189
2.539999999999821,0.5659562304488504
2.549999999999821,0.5576837173915655
2.5599999999998206,0.5493554364272766
2.5699999999998204,0.5409722203771394
2.57999999999982,0.5325349075557734
2.58999999999982,0.5240443416874293
2.59999999999982,0.5155013718216187
2.6099999999998196,0.5069068522482089
2.6199999999998194,0.4982616424119953
2.629999999999819,0.4895666068267571
2.639999999999819,0.4808226149888071
2.6499999999998187,0.4720305412900424
2.6599999999998185,0.4631912649305061
2.6699999999998183,0.4543056698304683
2.679999999999818,0.4453746445420341
2.689999999999818,0.43639908216029016
2.6999999999998177,0.4273798802339948
2.7099999999998174,0.41831794067582473
2.7199999999998172,0.40921416967218427
2.729999999999817,0.4000694775925872
2.739999999999817,0.39088477889862105
2.7499999999998166,0.3816609920525012
2.7599999999998164,0.37239903942522595
2.769999999999816,0.36309984720433963
2.779999999999816,0.35376434530131506
2.7899999999998157,0.344393467258563
2.7999999999998155,0.33498815015607875
2.8099999999998153,0.3255493345177347
2.819999999999815,0.3160779642172291
2.829999999999815,0.3065749863836992
2.8399999999998147,0.2970413513070092
2.8499999999998145,0.2874780123427222
2.8599999999998142,0.2778859258167651
2.869999999999814,0.26826605092979716
2.879999999999814,0.2586193496612906
2.8899999999998136,0.24894678667333323
2.8999999999998134,0.2392493292141635
2.909999999999813,0.22952794702144616
2.919999999999813,0.21978361222529932
2.9299999999998128,0.21001729925108237
2.9399999999998125,0.20022998472195414
2.9499999999998123,0.19042264736121148
2.959999999999812,0.18059626789441768
2.969999999999812,0.17075182895133084
2.9799999999998117,0.1608903149676416
2.9899999999998115,0.15101271208653042
2.9999999999998113,0.14112000806005406
3.009999999999811,0.13121319215037133
3.019999999999811,0.12129325503081753
3.0299999999998106,0.11136118868683803
3.0399999999998104,0.10141798631679051
3.04999999999981,0.09146464223262603
3.05999999999981,0.08150215176045857
3.0699999999998098,0.07153151114103329
3.0799999999998096,0.0615537174301033
3.0899999999998093,0.051569768398724895
3.099999999999809,0.04158066243348128
3.109999999999809,0.03158739843664476
3.1199999999998087,0.021590975726287317
3.1299999999998085,0.011592393936349666
3.1399999999998083,0.0015926529166786745
3.149999999999808,-0.008407247366956777
3.159999999999808,-0.01840630693286155
3.1699999999998076,-0.028403525883411575
3.1799999999998074,-0.03839790450504278
3.189999999999807,-0.04838844336822164
3.199999999999807,-0.05837414342738724
3.209999999999807,-0.06835400612085506
3.2199999999998066,-0.07832703347067227
3.2299999999998064,-0.08829222818241472
3.239999999999806,-0.09824859374491555
3.249999999999806,-0.10819513452991544
3.2599999999998057,-0.11813085589162466
3.2699999999998055,-0.12805476426618675
3.2799999999998053,-0.1379658672710342
3.289999999999805,-0.1478631738041257
3.299999999999805,-0.1577456941430557
3.3099999999998047,-0.16761244004402567
3.3199999999998044,-0.17746242484066785
3.3299999999998042,-0.1872946635427108
3.339999999999804,-0.19710817293447785
3.349999999999804,-0.20690197167320773
3.3599999999998036,-0.216675080387188
3.3699999999998034,-0.22642652177369152
3.379999999999803,-0.23615532069670583
3.389999999999803,-0.2458605042844459
3.3999999999998027,-0.2555411020266406
3.4099999999998025,-0.26519614587158286
3.4199999999998023,-0.274824670322934
3.429999999999802,-0.28442571253627263
3.439999999999802,-0.29399831241537827
3.4499999999998017,-0.3035415127082402
3.4599999999998015,-0.3130543591027817
3.4699999999998012,-0.3225359003222907
3.479999999999801,-0.33198518822054646
3.489999999999801,-0.34140127787663355
3.4999999999998006,-0.3507832276894331
3.5099999999998004,-0.36013009947178215
3.5199999999998,-0.3694409585442914
3.5299999999998,-0.37871487382881264
3.5399999999997998,-0.38795091794154574
3.5499999999997995,-0.39714816728577595
3.5599999999997993,-0.4063057021442334
3.569999999999799,-0.4154226067710633
3.579999999999799,-0.42449796948340046
3.5899999999997987,-0.43353088275253643
3.5999999999997985,-0.44252044329467166
3.6099999999997983,-0.45146575216124324
3.619999999999798,-0.4603659148288189
3.629999999999798,-0.46922004128854866
3.6399999999997976,-0.478027246135165
3.6499999999997974,-0.4867866486555225
3.659999999999797,-0.4954973729166686
3.669999999999797,-0.5041585478534363
3.6799999999997968,-0.5127693073555492
3.6899999999997966,-0.521328790354233
3.6999999999997963,-0.5298361409083205
3.709999999999796,-0.5382905082898458
3.719999999999796,-0.5466910470691161
3.7299999999997957,-0.5550369171992539
3.7399999999997955,-0.5633272841002009
3.7499999999997953,-0.5715613187421758
3.759999999999795,-0.5797381977285759
3.769999999999795,-0.5878571033783168
3.7799999999997946,-0.5959172238075992
3.7899999999997944,-0.6039177530110967
3.799999999999794,-0.6118578909425563
3.809999999999794,-0.6197368435948015
3.819999999999794,-0.6275538230791329
3.8299999999997936,-0.6353080477041162
3.8399999999997934,-0.6429987420537506
3.849999999999793,-0.6506251370650102
3.859999999999793,-0.6581864701047491
3.8699999999997927,-0.6656819850459644
3.8799999999997925,-0.6731109323434082
3.8899999999997923,-0.6804725691085417
3.899999999999792,-0.6877661591838229
3.909999999999792,-0.6949909732163222
3.9199999999997917,-0.7021462887306571
3.9299999999997914,-0.7092313902012389
3.9399999999997912,-0.7162455691238249
3.949999999999791,-0.7231881240863677
3.959999999999791,-0.7300583608391567
3.9699999999997906,-0.7368555923642416
3.9799999999997904,-0.7435791389441344
3.98999999999979,-0.7502283282297801
3.99999999999979,-0.756802495307791
4.00999999999979,-0.7633009827669379
4.01999999999979,-0.76972314076389
4.02999999999979,-0.7760683270881995
4.0399999999997895,-0.7823359072265217
4.049999999999789,-0.7885252544260656
4.059999999999789,-0.794635749757269
4.069999999999789,-0.800666782175691
4.079999999999789,-0.8066177485831155
4.0899999999997885,-0.812488053887861
4.099999999999788,-0.8182771110642888
4.109999999999788,-0.8239843412115054
4.119999999999788,-0.8296091736112523
4.129999999999788,-0.8351510457849768
4.139999999999787,-0.8406094035500795
4.149999999999787,-0.8459837010753328
4.159999999999787,-0.8512734009354627
4.169999999999787,-0.8564779741648911
4.1799999999997866,-0.8615969003106323
4.189999999999786,-0.8666296674843375
4.199999999999786,-0.8715757724134832
4.209999999999786,-0.8764347204916983
4.219999999999786,-0.881206025828224
4.2299999999997855,-0.8858892112965029
4.239999999999785,-0.8904838085818907
4.249999999999785,-0.8949893582284877
4.259999999999785,-0.8994054096850838
4.269999999999785,-0.9037315213502133
4.279999999999784,-0.9079672606163149
4.289999999999784,-0.9121122039129919
4.299999999999784,-0.9161659367493684
4.309999999999784,-0.9201280537555391
4.319999999999784,-0.9239981587231051
4.329999999999783,-0.9277758646447947
4.339999999999783,-0.9314607937531637
4.349999999999783,-0.9350525775583722
4.359999999999783,-0.9385508568850327
4.3699999999997825,-0.9419552819081279
4.379999999999782,-0.9452655121879924
4.389999999999782,-0.9484812167043567
4.399999999999782,-0.951602073889449
4.409999999999782,-0.9546277716601513
4.419999999999781,-0.9575580074492082
4.429999999999781,-0.9603924882354825
4.439999999999781,-0.9631309305732576
4.449999999999781,-0.9657730606205819
4.459999999999781,-0.9683186141666523
4.46999999999978,-0.9707673366582356
4.47999999999978,-0.9731189832251231
4.48999999999978,-0.9753733187046179
4.49999999999978,-0.9775301176650506
4.5099999999997795,-0.9795891644283226
4.519999999999779,-0.9815502530914733
4.529999999999779,-0.9834131875472706
4.539999999999779,-0.9851777815038215
4.549999999999779,-0.9868438585032008
4.5599999999997785,-0.9884112519390968
4.569999999999778,-0.9898798050734724
4.579999999999778,-0.9912493710522376
4.589999999999778,-0.992519812919936
4.599999999999778,-0.9936910036334395
4.609999999999777,-0.9947628260746527
4.619999999999777,-0.9957351730622248
4.629999999999777,-0.9966079473622671
4.639999999999777,-0.9973810616980772
4.6499999999997765,-0.9980544387588655
4.659999999999776,-0.9986280112074871
4.669999999999776,-0.9991017216871753
4.679999999999776,-0.9994755228272767
4.689999999999776,-0.999749377247989
4.6999999999997755,-0.9999232575640981
4.709999999999775,-0.9999971463877174
4.719999999999775,-0.9999710363300262
4.729999999999775,-0.9998449300020084
4.739999999999775,-0.9996188400141917
4.749999999999774,-0.9992927889753864
4.759999999999774,-0.998866809490425
4.769999999999774,-0.9983409441569006
4.779999999999774,-0.9977152455609086
4.7899999999997736,-0.9969897762717871
4.799999999999773,-0.9961646088358606
4.809999999999773,-0.9952398257691847
4.819999999999773,-0.9942155195492958
4.829999999999773,-0.993091792605962
4.8399999999997725,-0.9918687573109415
4.849999999999772,-0.9905465359667445
4.859999999999772,-0.9891252607944033
4.869999999999772,-0.9876050739202511
4.879999999999772,-0.9859861273617084
4.889999999999771,-0.9842685830120819
4.899999999999771,-0.9824526126243752
4.909999999999771,-0.9805383977941139
4.919999999999771,-0.9785261299411857
4.929999999999771,-0.9764160102906992
4.93999999999977,-0.9742082498528609
4.94999999999977,-0.9719030694018749
4.95999999999977,-0.9695006994538652
4.96999999999977,-0.9670013802438246
4.9799999999997695,-0.9644053617015915
4.989999999999769,-0.9617129034268568
4.999999999999769,-0.958924274663204
5.009999999999769,-0.9560397542711858
5.019999999999769,-0.9530596307004376
5.029999999999768,-0.9499842019608332
5.039999999999768,-0.9468137755926835
5.049999999999768,-0.9435486686359834
5.059999999999768,-0.9401892075987076
5.069999999999768,-0.9367357284241604
5.079999999999767,-0.9331885764573813
5.089999999999767,-0.9295481064106109
5.099999999999767,-0.9258146823278204
5.109999999999767,-0.9219886775483067
5.1199999999997665,-0.9180704746693595
5.129999999999766,-0.9140604655080017
5.139999999999766,-0.9099590510618075
5.149999999999766,-0.9057666414688038
5.159999999999766,-0.9014836559664563
5.1699999999997654,-0.897110522849746
5.179999999999765,-0.8926476794283403
5.189999999999765,-0.8880955719828625
5.199999999999765,-0.8834546557202635
5.209999999999765,-0.8787253947283022
5.219999999999764,-0.8739082619291368
5.229999999999764,-0.869003739032033
5.239999999999764,-0.8640123164851934
5.249999999999764,-0.858934493426713
5.2599999999997635,-0.8537707776346664
5.269999999999763,-0.8485216854763296
5.279999999999763,-0.8431877418565442
5.289999999999763,-0.8377694801652272
5.299999999999763,-0.8322674422240327
5.3099999999997625,-0.8266821782321697
5.319999999999762,-0.8210142467113829
5.329999999999762,-0.8152642144501013
5.339999999999762,-0.8094326564467592
5.349999999999762,-0.8035201558522975
5.359999999999761,-0.7975273039118485
5.369999999999761,-0.791454699905612
5.379999999999761,-0.7853029510889284
5.389999999999761,-0.7790726726315529
5.3999999999997605,-0.7727644875561394
5.40999999999976,-0.7663790266759384
5.41999999999976,-0.7599169285317169
5.42999999999976,-0.7533788393279043
5.43999999999976,-0.7467654128679724
5.4499999999997595,-0.7400773104890562
5.459999999999759,-0.7333152009958201
5.469999999999759,-0.7264797605935784
5.479999999999759,-0.7195716728206752
5.489999999999759,-0.712591628480131
5.499999999999758,-0.7055403255705631
5.509999999999758,-0.6984184692163865
5.519999999999758,-0.6912267715973017
5.529999999999758,-0.6839659518770775
5.539999999999758,-0.6766367361316354
5.549999999999757,-0.6692398572764422
5.559999999999757,-0.6617760549932193
5.569999999999757,-0.6542460756559754
5.579999999999757,-0.6466506722563691
5.5899999999997565,-0.6389906043284109
5.599999999999756,-0.6312666378725104
5.609999999999756,-0.6234795452788763
5.619999999999756,-0.6156301052502788
5.629999999999756,-0.6077191027241797
5.639999999999755,-0.5997473287942392
5.649999999999755,-0.591715580631207
5.659999999999755,-0.5836246614032063
5.669999999999755,-0.5754753801954176
5.679999999999755,-0.5672685519291706
5.689999999999754,-0.5590049972804528
5.699999999999754,-0.550685542597843
5.709999999999754,-0.5423110198198764
5.719999999999754,-0.5338822663918522
5.7299999999997535,-0.5254001251820893
5.739999999999753,-0.5168654443976402
5.749999999999753,-0.508279077499471
5.759999999999753,-0.4996418831171163
5.769999999999753,-0.49095472496281684
5.7799999999997524,-0.48221847174514865
5.789999999999752,-0.47343399708215333
5.799999999999752,-0.4646021794139768
5.809999999999752,-0.4557239019150261
5.819999999999752,-0.4468000524056525
5.829999999999751,-0.4378315232633705
5.839999999999751,-0.42881921133362055
5.849999999999751,-0.4197640178400854
5.859999999999751,-0.4106668482945684
5.8699999999997505,-0.4015286124064432
5.87999999999975,-0.3923502239916834
5.88999999999975,-0.3831326008814819
5.89999999999975,-0.37387666483046833
5.90999999999975,-0.3645833414245346
5.9199999999997495,-0.3552535599882768
5.929999999999749,-0.3458882534920638
5.939999999999749,-0.3364883584587409
5.949999999999749,-0.32705481486997817
5.959999999999749,-0.3175885660722732
5.969999999999748,-0.30809055868261725
5.979999999999748,-0.2985617424938343
5.989999999999748,-0.28900307037960266
5.999999999999748,-0.27941549819916806
6.0099999999997475,-0.2697999847017591
6.019999999999747,-0.26015749143071243
6.029999999999747,-0.25048898262731994
6.039999999999747,-0.24079542513440486
6.049999999999747,-0.23107778829963851
6.0599999999997465,-0.2213370438786064
6.069999999999746,-0.2115741659376333
6.079999999999746,-0.2017901307563777
6.089999999999746,-0.19198591673020432
6.099999999999746,-0.18216250427234565
6.109999999999745,-0.17232087571586135
6.119999999999745,-0.1624620152154057
6.129999999999745,-0.15258690864881308
6.139999999999745,-0.14269654351851088
6.149999999999745,-0.13279190885277026
6.159999999999744,-0.1228739951068039
6.169999999999744,-0.11294379406372153
6.179999999999744,-0.10300229873535229
6.189999999999744,-0.09305050326294448
6.1999999999997435,-0.08308940281775219
6.209999999999743,-0.07311999350151908
6.219999999999743,-0.06314327224686894
6.229999999999743,-0.053160236717613336
6.239999999999743,-0.043171885208986016
6.249999999999742,-0.03317921654781425
6.259999999999742,-0.02318322999263695
6.269999999999742,-0.013184925133779689
6.279999999999742,-0.003185301793396449
6.289999999999742,0.006814640074511722
6.299999999999741,0.01681390048409129
6.309999999999741,0.026811479517633983
6.319999999999741,0.03680637742556774
6.329999999999741,0.04679759472643082
6.3399999999997405,0.05678413230681913
6.34999999999974,0.0667649915212967
6.35999999999974,0.07673917429225945
6.36999999999974,0.08670568320974208
6.37999999999974,0.09666352163115823
6.389999999999739,0.10661169378096391
6.399999999999739,0.1165492048502343
6.409999999999739,0.12647506109614368
6.419999999999739,0.13638826994133896
6.429999999999739,0.14628784007319665
6.439999999999738,0.1561727815429531
6.449999999999738,0.16604210586469886
6.459999999999738,0.17589482611422608
6.469999999999738,0.1857299570277204
6.4799999999997375,0.19554651510028642
6.489999999999737,0.20534351868429732
6.499999999999737,0.21511998808755878
6.509999999999737,0.22487494567127755
6.519999999999737,0.23460741594782436
6.5299999999997365,0.24431642567828193
6.539999999999736,0.254001003969768
6.549999999999736,0.2636601823725239
6.559999999999736,0.27329299497675863
6.569999999999736,0.2828984785092391
6.579999999999735,0.2924756724296166
6.589999999999735,0.30202361902648
6.599999999999735,0.31154136351312633
6.609999999999735,0.32102795412303825
6.6199999999997345,0.3304824422050603
6.629999999999734,0.33990388231826296
6.639999999999734,0.34929133232648607
6.649999999999734,0.3586438534925516
6.659999999999734,0.36796051057213686
6.6699999999997335,0.37724037190729764
6.679999999999733,0.3864825095196336
6.689999999999733,0.3956859992030853
6.699999999999733,0.4048499206163539
6.709999999999733,0.4139733573749347
6.719999999999732,0.4230553971427546
6.729999999999732,0.43209513172340525
6.739999999999732,0.44109165715096166
6.749999999999732,0.4500440737803781
6.759999999999732,0.458951486377452
6.769999999999731,0.46781300420834643
6.779999999999731,0.4766277411286629
6.789999999999731,0.485394815672055
6.799999999999731,0.4941133511383742
6.8099999999997305,0.5027824756813393
6.81999999999973,0.5114013223957203
6.82999999999973,0.5199690294040281
6.83999999999973,0.5284847399427015
6.84999999999973,0.5369476024477832
6.859999999999729,0.5453567706400749
6.869999999999729,0.5537114036097651
6.879999999999729,0.562010665900519
6.889999999999729,0.5702537275930234
6.899999999999729,0.5784397643879785
6.909999999999728,0.5865679576885262
6.919999999999728,0.5946374946821101
6.929999999999728,0.6026475684217554
6.939999999999728,0.6105973779067632
6.9499999999997275,0.6184861281628097
6.959999999999727,0.6263130303214433
6.969999999999727,0.6340773016989706
6.979999999999727,0.6417781658747239
6.989999999999727,0.6494148527687033
6.999999999999726,0.6569865987185829
7.009999999999726,0.6644926465560776
7.019999999999726,0.6719322456826589
7.029999999999726,0.6793046521446134
7.039999999999726,0.686609128707439
7.049999999999725,0.693844944929566
7.059999999999725,0.7010113772354024
7.069999999999725,0.7081077089876894
7.079999999999725,0.7151332305591654
7.0899999999997245,0.7220872394035279
7.099999999999724,0.7289690401256874
7.109999999999724,0.7357779445513065
7.119999999999724,0.7425132717956168
7.129999999999724,0.7491743483315064
7.1399999999997235,0.7557605080568728
7.149999999999723,0.7622710923612319
7.159999999999723,0.7687054501915785
7.169999999999723,0.7750629381174918
7.179999999999723,0.781342920395477
7.189999999999722,0.7875447690325396
7.199999999999722,0.793667863848984
7.209999999999722,0.7997115925404312
7.219999999999722,0.8056753507390485
7.2299999999997215,0.8115585420739858
7.239999999999721,0.8173605782310123
7.249999999999721,0.8230808790113471
7.259999999999721,0.8287188723896792
7.269999999999721,0.8342739945713692
7.2799999999997205,0.839745690048828
7.28999999999972,0.8451334116570678
7.29999999999972,0.8504366206284172
7.30999999999972,0.8556547866463987
7.31999999999972,0.8607873878987589
7.329999999999719,0.8658339111296496
7.339999999999719,0.8707938516909531
7.349999999999719,0.8756667135927467
7.359999999999719,0.8804520095529008
7.3699999999997186,0.8851492610458073
7.379999999999718,0.8897579983502311
7.389999999999718,0.8942777605962824
7.399999999999718,0.898708095811503
7.409999999999718,0.9030485609660635
7.4199999999997175,0.9072987220170653
7.429999999999717,0.9114581539519451
7.439999999999717,0.9155264408309757
7.449999999999717,0.9195031758288593
7.459999999999717,0.9233879612754101
7.469999999999716,0.9271804086953208
7.479999999999716,0.9308801388470098
7.489999999999716,0.9344867817605449
7.499999999999716,0.9379999767746403
7.509999999999716,0.9414193725727223
7.519999999999715,0.9447446272180606
7.529999999999715,0.9479754081879617
7.539999999999715,0.9511113924070208
7.549999999999715,0.9541522662794295
7.5599999999997145,0.9570977257203344
7.569999999999714,0.9599474761862461
7.579999999999714,0.9627012327044927
7.589999999999714,0.9653587199017172
7.599999999999714,0.9679196720314145
7.609999999999713,0.9703838330005057
7.619999999999713,0.9727509563949472
7.629999999999713,0.9750208055043725
7.639999999999713,0.977193153345762
7.649999999999713,0.9792677826861417
7.659999999999712,0.9812444860643066
7.669999999999712,0.9831230658115662
7.679999999999712,0.984903334071511
7.689999999999712,0.9865851128187987
7.6999999999997115,0.9881682338769561
7.709999999999711,0.9896525389351966
7.719999999999711,0.9910378795642513
7.729999999999711,0.9923241172312116
7.739999999999711,0.993511123313383
7.7499999999997105,0.994598779111146
7.75999999999971,0.9955869758598276
7.76999999999971,0.9964756147405762
7.77999999999971,0.9972646068902444
7.78999999999971,0.9979538734102746
7.799999999999709,0.9985433453745893
7.809999999999709,0.9990329638364831
7.819999999999709,0.999422679834518
7.829999999999709,0.999712454397419
7.8399999999997085,0.9999022585479711
7.849999999999708,0.9999920733059176
7.859999999999708,0.9999818896898574
7.869999999999708,0.9998717087181437
7.879999999999708,0.9996615414087817
7.8899999999997075,0.9993514087783275
7.899999999999707,0.9989413418397856
7.909999999999707,0.9984313815995078
7.919999999999707,0.9978215790530937
7.929999999999707,0.9971119951802894
7.939999999999706,0.996302700938891
7.949999999999706,0.9953937772576481
7.959999999999706,0.9943853150281715
7.969999999999706,0.9932774150958438
7.9799999999997056,0.9920701882497349
7.989999999999705,0.9907637552115235
7.999999999999705,0.9893582466234246
8.009999999999705,0.9878538030351259
8.019999999999705,0.9862505748897324
8.029999999999704,0.9845487225087227
8.039999999999704,0.9827484160759167
8.049999999999704,0.9808498356204574
8.059999999999704,0.9788531709988081
8.069999999999704,0.9767586218757671
8.079999999999703,0.9745663977045015
8.089999999999703,0.9722767177056014
8.099999999999703,0.9698898108451586
8.109999999999703,0.9674059158118701
8.119999999999703,0.9648252809931693
8.129999999999702,0.9621481644503876
8.139999999999702,0.9593748338929483
8.149999999999702,0.9565055666515961
8.159999999999702,0.9535406496506641
8.169999999999702,0.9504803793793816
8.179999999999701,0.9473250618622254
8.189999999999701,0.944075012628318
8.1999999999997,0.9407305566798744
8.2099999999997,0.9372920284597022
8.2199999999997,0.9337597718177582
8.2299999999997,0.9301341399767629
8.2399999999997,0.9264154954968792
8.2499999999997,0.922604210239456
8.2599999999997,0.9187006653298433
8.2699999999997,0.9147052511192789
8.2799999999997,0.9106183671458544
8.289999999999699,0.9064404220945615
8.299999999999699,0.9021718337564236
8.309999999999699,0.8978130289867174
8.319999999999698,0.8933644436622876
8.329999999999698,0.8888265226379595
8.339999999999698,0.8841997197020538
8.349999999999698,0.8794844975310085
8.359999999999697,0.8746813276431116
8.369999999999697,0.8697906903513489
8.379999999999697,0.8648130747153744
8.389999999999697,0.8597489784926033
8.399999999999697,0.8545989080884382
8.409999999999696,0.8493633785056276
8.419999999999696,0.8440429132927669
8.429999999999696,0.8386380444919437
8.439999999999696,0.833149312585534
8.449999999999696,0.8275772664421545
8.459999999999695,0.8219224632617762
8.469999999999695,0.8161854685200048
8.479999999999695,0.8103668559115339
8.489999999999695,0.8044672072927751
8.499999999999694,0.7984871126236742
8.509999999999694,0.7924271699087146
8.519999999999694,0.786287985137118
8.529999999999694,0.7800701722222455
8.539999999999694,0.773774352940207
8.549999999999693,0.7674011568676843
8.559999999999693,0.7609512213189737
8.569999999999693,0.754425191282255
8.579999999999693,0.7478237193550938
8.589999999999693,0.7411474656791814
8.599999999999692,0.734397097874322
8.609999999999692,0.7275732909716706
8.619999999999692,0.7206767273462311
8.629999999999692,0.7137080966486189
8.639999999999691,0.7066680957360967
8.649999999999691,0.6995574286028889
8.659999999999691,0.6923768063097835
8.66999999999969,0.6851269469130258
8.67999999999969,0.6778085753925139
8.68999999999969,0.6704224235793016
8.69999999999969,0.6629692300824147
8.70999999999969,0.6554497402149921
8.71999999999969,0.6478647059197544
8.72999999999969,0.6402148856938101
8.73999999999969,0.632501044512807
8.74999999999969,0.6247239537544351
8.759999999999689,0.6168843911212893
8.769999999999689,0.6089831405631001
8.779999999999688,0.6010209921983388
8.789999999999688,0.5929987422352068
8.799999999999688,0.5849171928920153
8.809999999999688,0.5767771523169639
8.819999999999688,0.5685794345073268
8.829999999999687,0.5603248592280536
8.839999999999687,0.5520142519297936
8.849999999999687,0.5436484436663508
8.859999999999687,0.5352282710115802
8.869999999999687,0.5267545759757306
8.879999999999686,0.5182282059212441
8.889999999999686,0.5096500134780209
8.899999999999686,0.5010208564581567
8.909999999999686,0.49234159777016284
8.919999999999686,0.4836131053326752
8.929999999999685,0.4748362519876639
8.939999999999685,0.46601191541314935
8.949999999999685,0.45714097803543546
8.959999999999685,0.44822432694086756
8.969999999999684,0.43926285378712465
8.979999999999684,0.43025745471405413
8.989999999999684,0.4212090302540589
8.999999999999684,0.41211848524204464
9.009999999999684,0.4029867287249371
9.019999999999683,0.39381467387077823
9.029999999999683,0.3846032378774101
9.039999999999683,0.37535334188075586
9.049999999999683,0.3660659108627069
9.059999999999683,0.35674187355862563
9.069999999999682,0.3473821623644724
9.079999999999682,0.33798771324356686
9.089999999999682,0.3285594656329925
9.099999999999682,0.31909836234965344
9.109999999999681,0.3096053494959939
9.119999999999681,0.3000813763653883
9.129999999999681,0.2905273953472131
9.13999999999968,0.28094436183160865
9.14999999999968,0.27133323411394045
9.15999999999968,0.26169497329897123
9.16999999999968,0.2520305432047505
9.17999999999968,0.242340910266234
9.18999999999968,0.232627043438641
9.19999999999968,0.22288991410055936
9.20999999999968,0.21313049595680864
9.21999999999968,0.20334976494107038
9.229999999999679,0.1935486991182956
9.239999999999679,0.18372827858689902
9.249999999999678,0.17388948538075016
9.259999999999678,0.16403330337097066
9.269999999999678,0.154160718167548
9.279999999999678,0.14427271702077543
9.289999999999678,0.13437028872252765
9.299999999999677,0.12445442350738249
9.309999999999677,0.11452611295359826
9.319999999999677,0.10458634988395678
9.329999999999677,0.0946361282664819
9.339999999999677,0.08467644311504356
9.349999999999676,0.07470829038985717
9.359999999999676,0.06473266689788851
9.369999999999676,0.05475057019317377
9.379999999999676,0.044762998477065025
9.389999999999675,0.03477095049841095
9.399999999999675,0.02477542545368274
9.409999999999675,0.014777422887055275
9.419999999999675,0.004777942590453581
9.429999999999675,-0.005222015496425552
9.439999999999674,-0.015221451386106706
9.449999999999674,-0.02521936514333375
9.459999999999674,-0.03521475698506253
9.469999999999674,-0.04520662738043834
9.479999999999674,-0.05519397715074816
9.489999999999673,-0.06517580756933775
9.499999999999673,-0.07515112046148338
9.509999999999673,-0.08511891830420859
9.519999999999673,-0.09507820432603559
9.529999999999673,-0.10502798260666155
9.539999999999672,-0.11496725817654987
9.549999999999672,-0.12489503711642626
9.559999999999672,-0.13481032665666987
9.569999999999672,-0.14471213527658938
9.579999999999671,-0.15459947280357425
9.589999999999671,-0.16447135051211126
9.599999999999671,-0.17432678122265605
9.60999999999967,-0.1841647794003504
9.61999999999967,-0.19398436125357485
9.62999999999967,-0.20378454483232705
9.63999999999967,-0.21356435012641592
9.64999999999967,-0.22332279916346182
9.65999999999967,-0.2330589161066931
9.66999999999967,-0.24277172735252883
9.67999999999967,-0.2524602616279384
9.689999999999669,-0.26212355008756805
9.699999999999669,-0.2717606264106245
9.709999999999669,-0.2813705268975063
9.719999999999668,-0.290952290566173
9.729999999999668,-0.30050495924824255
9.739999999999668,-0.3100275776848072
9.749999999999668,-0.31951919362195885
9.759999999999668,-0.32897885790601344
9.769999999999667,-0.33840562457842555
9.779999999999667,-0.34779855097038354
9.789999999999667,-0.35715669779707565
9.799999999999667,-0.3664791292516177
9.809999999999667,-0.3757649130986328
9.819999999999666,-0.3850131207674744
9.829999999999666,-0.3942228274450825
9.839999999999666,-0.403393112168464
9.849999999999666,-0.4125230579167885
9.859999999999665,-0.42161175170308934
9.869999999999665,-0.43065828466556183
9.879999999999665,-0.4396617521584485
9.889999999999665,-0.4486212538425029
9.899999999999665,-0.45753589377502285
9.909999999999664,-0.4664047804994439
9.919999999999664,-0.4752270271344844
9.929999999999664,-0.48400175146283264
9.939999999999664,-0.4927280760193681
9.949999999999664,-0.5014051281789069
9.959999999999663,-0.510032040243464
9.969999999999663,-0.5186079495290221
9.979999999999663,-0.5271319984517993
9.989999999999663,-0.5356033346140063
9.999999999999662,-0.5440211108890867
